101	1955744.18	1283165.26	1955847.582	1284374.424
103	1925949.955	1213915.643	1928604.843	1211284.704
104	1911818.144	1215399.133	1914665.783	1212371.848
105	1826005.906	1146072.716	1828512.368	1141590.018
106	1945308.075	1227964.212	1947983.669	1225227.852
107	1773276.76	1108630.619	1775481.886	1105718.251
108	1760193.714	1053782.141	1760612.365	1051228.027
109	1821070.051	1148031.952	1823310.049	1144058.481
110	1870137.387	1188551.708	1872634.125	1184977.157
112	1777082.027	1034960.794	1775488.108	1035018.474
114	1905700.395	1214694.868	1908579.237	1211683.161
115	1923445.851	1229505.731	1925696.594	1226572.087
116	1772249.79	1083434.527	1773976.098	1080313.322
117	1847357.429	1172992.375	1849543.375	1168774.902
118	1859907.765	1184438.594	1862424.983	1181001.42
119	1808874.362	1148556.079	1810781.044	1145841.604
120	1784678.118	1016235.704	1780735.776	1018430.305
122	1909438.921	1209860.507	1912138.866	1206969.164
123	1899988.962	1207149.744	1902841.551	1204040.573
124	1918338.906	1222889.726	1920930.117	1219736.465
125	1775799.498	1109143.258	1778213.896	1106532.867
126	1964715.24	1278860.854	1964391.471	1277885.629
127	1972373.913	1255943.698	1971311.372	1251410.044
128	1760686.198	1031658.398	1760185.274	1029649.362
129	1808022.019	1121298.192	1810121.882	1116432.374
130	1771488.102	1094541.374	1773995.403	1091731.422
131	1752304.286	1062204.13	1753243.47	1059435.278
132	1745184.928	1053224.12	1745913.846	1049800.92
133	1768920.575	1086009.333	1770619.191	1082986.34
135	1877954.197	1190740.387	1878637.203	1186166.249
136	1757395.162	1044763.423	1757544.354	1042762.976
138	1789245.272	1129139.559	1791165.808	1127350.113
139	1782526.996	1124383.121	1785870.755	1123337.483
140	1754319.453	1040062.019	1754264.565	1038362.673
141	1756914.228	1056342.189	1757616.002	1053972.359
142	1750971.795	1059178.707	1751752.977	1055817.919
143	1744553.417	1048271.84	1745279.229	1044656.878
144	1748759.411	1030434.841	1745870.106	1029276.818
145	1885100.521	1193819.224	1887562.142	1190230.309
146	1811779.888	1130418.594	1815761.963	1126925.027
147	1954082.051	1269777.033	1953605.516	1268681.161
148	1735933.193	1028829.225	1734469.678	1027267.442
149	1914467.543	1211673.37	1917096.813	1209062.348
150	1806770.539	1136462.939	1810050.95	1133379.124
151	1778350.594	1037977.123	1776986.708	1037721.313
152	1911455.798	1209940.647	1914199.634	1207220.659
153	1758310.78	1068174.731	1759562.413	1065321.665
154	1747145.278	1028958.268	1746133.671	1027403.424
155	1886360.414	1190282.608	1888901.744	1186651.409
156	1777462.334	1074596.137	1780154.942	1072299.725
157	1931703.567	1207261.217	1934839.359	1205694.116
158	1780701.737	1062039.838	1780408.978	1061642.521
159	1938569.578	1235030.864	1940589.928	1232485.619
160	1949242.56	1223267.614	1949984.631	1221072.625
161	1933697.296	1225171.64	1936181.027	1222589.386
162	1977216.618	1266580.701	1977487.386	1262468.003
163	1935616.272	1239902.009	1937348.923	1237897.997
164	1925833.11	1217435.914	1928531.61	1214646.951
165	1933266.447	1219968.477	1935611.847	1217528.73
166	1898691.524	1196231.658	1901300.458	1192765.944
167	1777019.848	1087665.868	1780295.086	1084700.954
168	1920379.008	1220068.24	1922911.645	1216996.39
169	1841487.409	1166550.828	1843556.203	1162226.15
170	1764199.794	1079527.753	1765393.223	1075863.467
171	1939174.46	1223025.988	1941626.789	1220328.615
172	1929586.679	1235983.392	1931523.938	1233557.523
173	1726140.814	1024612.302	1724610.113	1023726.747
174	1840249.148	1173879.133	1842623.549	1169743.373
175	1874297.604	1183900.499	1877019.047	1180146.49
176	1927750.049	1230535.602	1929843.717	1227628.217
177	1904663.684	1205105.46	1907387.153	1202201.823
178	1730450.499	1035487.812	1730109.418	1032719.924
179	1730442.031	1035492.215	1730101.289	1032725.586
180	1744524.638	1061048.694	1745552.66	1058701.14
181	1817756.651	1144455.669	1820292.8	1141058.196
182	1759884.029	1062053.795	1760736.878	1059214.527
183	1764524.339	1073405.994	1766059.888	1070207.867
184	1794379.287	1103625.625	1796696.867	1100158.439
185	1714061.808	1029977.802	1713531.781	1028492.441
186	1756550.146	1049855.907	1756572.763	1048309.489
187	1756728.314	1078488.488	1760192.396	1075046.661
301	1785327.158	991776.1858	1782233.231	999693.1168
302	1949289.327	1151052.528	1952676.214	1149525.966
303	1923873.449	1197522.112	1926526.343	1195461.886
304	1824917.907	1172708.249	1826621.827	1168090.378
305	1844121.257	1182253.038	1845962.761	1178176.682
306	1714836.03	1026361.735	1713660.956	1026543.265
307	1725010.05	1014563.717	1723355.252	1013605.936
308	1743176.341	1023535.474	1740740.186	1022775.018
309	1729602.882	1043343.54	1728629.983	1038443.371
310	1738457.416	1041213.434	1738766.638	1037817.524
311	1739049.834	1059162.886	1739754.557	1056256.759
312	1726617.733	1017974.739	1725235.667	1017479.835
313	1711874.98	1029557.948	1711386.188	1028953.99
314	1711988.641	1027646.157	1710887.263	1027882.94
315	1732636.628	1021125.58	1730981.924	1020482.31
316	1716369.889	1011365.184	1714892.169	1010801.575
316	1745402.238	1020515.665	1742074.916	1020224.576
317	1724176.597	1017825.996	1722800.31	1017580.672
318	1728939.533	1045939.994	1728459.078	1041456.04
319	1773737.053	1104205.934	1776478.168	1101375.867
320	1795824.406	1114805.486	1798863.133	1111806.434
321	1722477.636	1019374.284	1721163.927	1019336.032
322	1716490.844	1026733.987	1715467.577	1026763.3
323	1737766.23	1058561.646	1738290.629	1055391.055
324	1731210.015	1048473.79	1730691.936	1043563.397
325	1828277.5	1168813.559	1830186.831	1164044.959
326	1776856.881	1102855.811	1779666.315	1100095.453
327	1780823.334	1029998.692	1778910.838	1029736.515
328	1743940.21	1027110.034	1740486.615	1025043.872
329	1741801.566	1024417.485	1739333.485	1022968.221
330	1737641.922	1029690.178	1736090.797	1028313.646
331	1926048.995	1176046.562	1929582.991	1174478.939
332	1961011.111	1237454.996	1960495.093	1234639.355
333	1946898.539	1238571.586	1947779.045	1236091.531
334	1947012.546	1250870.247	1947684.47	1249228.304
335	1970236.98	1285897.857	1970331.179	1284904.487
336	1970647.561	1289913.182	1970734.862	1289675.265
336	1978517.864	1270978.27	1979177.363	1267348.867
337	1907904.266	1201202.542	1910261.122	1198209.859
338	1865599.808	1187667.185	1868114.53	1184232.653
339	1872789.59	1189887.993	1875310.778	1186347.476
339	1850806.632	1173833.977	1852972.004	1169820.643
340	1812464.656	1135169.355	1815555.474	1132248.635
341	1756810.631	1063647.521	1757709.471	1060959.42
342	1732119.737	1019222.905	1730533.83	1018578.163
343	1745344.721	1060854.67	1746259.285	1058045.942
344	1941250.928	1225694.58	1943422.962	1223211.006
345	1714642.685	1010429.615	1713382.864	1009736.554
346	1754641.611	1084079.711	1758519.446	1083140.618
347	1798402.802	1111335.103	1801320.507	1108571.925
348	1967112.125	1246022.364	1965499.754	1241087.943
349	1742273.367	1030336.523	1740934.139	1028676.035
350	1852622.817	1176857.792	1854758.927	1173046.189
351	1910486.224	1191199.722	1913369.513	1189642.072
352	1911925.374	1185747.976	1914550.268	1183904.682
352	1939885.983	1159621.251	1943518.488	1158081.785
353	1956424.337	1245962.34	1955916.489	1243377.52